2.2156783949002614 2.3179053189738488 0.20000000000000007
2.214841949489877 2.3193802129186447 0.3999999999999999
2.2136637667069623 2.3216081558400226 0.6000000000000001
2.211817537325766 2.32553953115042 0.7999999999999999
2.209929704175128 2.3303348488713667 1.0
2.207921805250807 2.3368727899005077 1.2000000000000002
2.205808537360441 2.3476453348145268 1.4
2.2048187160104735 2.3611186827252233 1.6
2.206276880534893 2.3681544297351818 1.7999999999999998
2.2156783949002614 2.3179053189738488 0.20000000000000007
2.214841949489877 2.3193802129186447 0.3999999999999999
2.2136637667069623 2.3216081558400226 0.6000000000000001
2.211817537325766 2.32553953115042 0.7999999999999999
2.209929704175128 2.3303348488713667 1.0
2.207921805250807 2.3368727899005077 1.2000000000000002
2.205808537360441 2.3476453348145268 1.4
2.2048187160104735 2.3611186827252233 1.6
2.206276880534893 2.3681544297351818 1.7999999999999998
2.2156783949002614 2.3179053189738488 0.20000000000000007
2.214841949489877 2.3193802129186447 0.3999999999999999
2.2136637667069623 2.3216081558400226 0.6000000000000001
2.211817537325766 2.32553953115042 0.7999999999999999
2.209929704175128 2.3303348488713667 1.0
2.207921805250807 2.3368727899005077 1.2000000000000002
2.205808537360441 2.3476453348145268 1.4
2.2048187160104735 2.3611186827252233 1.6
2.206276880534893 2.3681544297351818 1.7999999999999998
